364 850 850 8
398 850 850 8
486 850 851 8
382 850 852 8
31 850 853 8
136 850 853 8
343 850 854 8
421 850 855 8
262 850 855 8
38 850 857 8
327 850 858 8
381 850 859 8
385 850 859 8
355 850 860 8
473 850 860 8
319 850 861 8
433 850 862 8
309 850 869 8
392 850 872 8
178 850 873 8
12 850 878 8
425 850 878 8
26 850 879 8
216 850 879 8
105 850 880 8
204 850 881 8
160 850 881 8
271 850 882 8
169 850 882 8
258 850 882 8
53 850 885 8
393 850 888 8
17 850 888 8
173 850 888 8
61 850 890 8
65 850 891 8
56 850 897 8
30 850 898 8
472 850 899 8
164 850 901 8
121 850 903 8
307 850 903 8
129 850 908 8
424 850 909 8
342 850 912 8
172 850 913 8
113 850 915 8
276 850 918 8
301 850 919 8
273 850 919 8
218 850 919 8
7 850 921 8
339 850 921 8
225 850 922 8
244 850 925 8
378 850 926 8
278 850 929 8
267 850 929 8
226 850 931 8
41 850 932 8
220 850 933 8
483 850 933 8
116 850 934 8
358 850 935 8
373 850 937 8
224 850 937 8
404 850 938 8
176 850 938 8
336 850 939 8
242 850 941 8
72 850 942 8
194 850 945 8
192 850 946 8
33 850 947 8
241 850 948 8
391 850 948 8
497 850 950 8
124 850 951 8
152 850 953 8
6 850 954 8
400 850 956 8
290 850 960 8
117 850 965 8
55 850 965 8
126 850 971 8
292 850 971 8
24 850 974 8
80 850 979 8
436 850 980 8
29 850 980 8
314 850 986 8
318 850 990 8
37 850 996 8
435 850 1000 8
125 850 1000 8
90 850 1004 8
352 850 1004 8
193 850 1005 8
11 850 1008 8
19 850 1009 8
44 850 1009 8
179 850 1010 8
349 850 1015 8
261 850 1015 8
402 850 1017 8
97 850 1018 8
237 850 1019 8
34 850 1020 8
200 850 1024 8
109 850 1024 8
476 850 1027 8
475 850 1027 8
157 850 1027 8
197 850 1030 8
142 850 1030 8
299 850 1034 8
8 850 1034 8
348 850 1034 8
331 850 1036 8
42 850 1037 8
196 850 1039 8
257 850 1040 8
107 850 1040 8
135 850 1042 8
71 850 1042 8
199 850 1042 8
458 850 1043 8
431 850 1043 8
141 850 1045 8
47 850 1046 8
137 850 1046 8
171 850 1048 8
384 850 1050 8
457 850 1055 8
93 850 1055 8
330 850 1056 8
59 850 1056 8
315 850 1056 8
376 850 1057 8
248 850 1058 8
5 850 1060 8
453 850 1060 8
14 850 1061 8
493 850 1066 8
40 850 1067 8
389 850 1069 8
260 850 1070 8
409 850 1071 8
246 850 1072 8
58 850 1078 8
481 850 1079 8
2 850 1080 8
112 850 1082 8
16 850 1082 8
295 850 1084 8
289 850 1087 8
154 850 1088 8
383 850 1088 8
467 850 1088 8
368 850 1093 8
345 850 1094 8
386 850 1099 8
286 850 1104 8
68 850 1105 8
312 850 1106 8
50 850 1106 8
198 850 1107 8
332 850 1113 8
324 850 1114 8
408 850 1115 8
498 850 1119 8
463 850 1119 8
45 850 1129 8
464 850 1130 8
15 850 1132 8
175 850 1133 8
346 850 1134 8
468 850 1135 8
163 850 1137 8
83 850 1139 8
253 850 1143 8
329 850 1143 8
394 850 1145 8
293 850 1146 8
367 850 1148 8
205 850 1149 8
85 850 1151 8
434 850 1151 8
456 850 1153 8
401 850 1155 8
449 850 1155 8
430 850 1157 8
78 850 1157 8
207 850 1158 8
308 850 1159 8
39 850 1159 8
480 850 1160 8
491 850 1161 8
75 850 1162 8
362 850 1164 8
285 850 1169 8
21 850 1172 8
294 850 1173 8
123 850 1178 8
236 850 1180 8
256 850 1186 8
138 850 1189 8
417 850 1192 8
170 850 1195 8
101 850 1196 8
479 850 1197 8
82 850 1200 8
429 850 1201 8
416 850 1203 8
161 850 1204 8
461 850 1205 8
27 850 1206 8
95 850 1206 8
228 850 1208 8
35 850 1209 8
147 850 1209 8
300 850 1210 8
133 850 1211 8
25 850 1212 8
474 850 1214 8
77 850 1215 8
477 850 1215 8
311 850 1216 8
466 850 1217 8
478 850 1220 8
452 850 1221 8
420 850 1221 8
74 850 1225 8
187 850 1241 8
186 850 1241 8
189 850 1242 8
298 850 1242 8
252 850 1243 8
245 850 1243 8
63 850 1245 8
297 850 1246 8
221 850 1248 8
240 850 1248 8
214 850 1252 8
499 850 1253 8
445 850 1259 8
108 850 1263 8
374 850 1263 8
130 850 1263 8
432 850 1272 8
448 850 1273 8
410 850 1273 8
287 850 1274 8
110 850 1277 8
469 850 1279 8
441 850 1281 8
79 850 1284 8
428 850 1284 8
317 850 1285 8
380 850 1285 8
66 850 1286 8
114 850 1287 8
151 850 1292 8
422 850 1293 8
269 850 1300 8
496 850 1302 8
259 850 1302 8
282 850 1307 8
182 850 1309 8
122 850 1312 8
266 850 1314 8
149 850 1316 8
344 850 1317 8
43 850 1319 8
270 850 1320 8
127 850 1321 8
455 850 1322 8
54 850 1323 8
86 850 1323 8
302 850 1324 8
231 850 1326 8
462 850 1326 8
487 850 1328 8
104 850 1329 8
52 850 1331 8
439 850 1331 8
460 850 1333 8
415 850 1337 8
320 850 1340 8
203 850 1340 8
277 850 1345 8
446 850 1345 8
450 850 1347 8
89 850 1347 8
347 850 1348 8
274 850 1350 8
230 850 1360 8
9 850 1362 8
341 850 1363 8
369 850 1368 8
371 850 1368 8
375 850 1370 8
451 850 1373 8
223 850 1373 8
73 850 1376 8
181 850 1377 8
100 850 1379 8
184 850 1380 8
190 850 1382 8
313 850 1385 8
326 850 1388 8
351 850 1391 8
185 850 1395 8
254 850 1396 8
279 850 1396 8
103 850 1398 8
372 850 1399 8
423 850 1399 8
168 850 1400 8
60 850 1405 8
247 850 1407 8
213 850 1408 8
174 850 1411 8
183 850 1412 8
387 850 1413 8
411 850 1414 8
413 850 1414 8
128 850 1415 8
206 850 1417 8
70 850 1419 8
340 850 1419 8
229 850 1424 8
177 850 1424 8
484 850 1428 8
111 850 1428 8
23 850 1430 8
250 850 1430 8
18 850 1432 8
211 850 1433 8
272 850 1435 8
251 850 1438 8
288 850 1440 8
356 850 1444 8
418 850 1447 8
10 850 1448 8
338 850 1448 8
291 851 852 8
222 851 857 8
444 851 858 8
482 851 860 8
102 851 862 8
87 851 864 8
165 851 875 8
238 851 879 8
159 851 880 8
49 851 888 8
243 851 897 8
440 851 899 8
249 851 900 8
167 851 907 8
166 851 911 8
365 851 915 8
235 851 916 8
284 851 922 8
379 851 924 8
399 851 937 8
366 851 949 8
333 851 952 8
234 851 957 8
153 851 958 8
442 851 961 8
316 851 961 8
377 851 962 8
32 851 962 8
323 851 967 8
215 851 977 8
419 851 982 8
370 851 983 8
69 851 983 8
210 851 985 8
280 851 992 8
281 851 997 8
495 851 1003 8
92 851 1020 8
438 851 1023 8
144 851 1046 8
209 851 1054 8
62 851 1056 8
414 851 1056 8
28 851 1057 8
3 851 1058 8
265 851 1060 8
158 851 1064 8
447 851 1080 8
357 851 1090 8
310 851 1091 8
322 851 1105 8
232 851 1112 8
51 851 1122 8
91 851 1128 8
162 851 1138 8
131 851 1140 8
489 851 1148 8
275 851 1153 8
195 851 1156 8
84 851 1160 8
335 851 1162 8
191 851 1199 8
412 851 1205 8
426 851 1218 8
306 851 1219 8
459 851 1223 8
212 851 1223 8
465 851 1232 8
494 851 1236 8
321 851 1261 8
471 851 1261 8
20 851 1263 8
139 851 1289 8
395 851 1299 8
134 851 1312 8
1 851 1315 8
397 851 1324 8
283 851 1327 8
94 851 1333 8
140 851 1338 8
64 851 1339 8
305 851 1340 8
337 851 1341 8
217 851 1346 8
106 851 1350 8
406 851 1354 8
143 851 1359 8
36 851 1380 8
443 851 1394 8
118 851 1396 8
390 851 1401 8
363 851 1406 8
255 851 1408 8
488 851 1410 8
156 851 1421 8
81 851 1421 8
268 851 1434 8
396 851 1442 8
470 851 1445 8
239 852 862 8
454 852 887 8
132 852 892 8
180 852 965 8
150 852 996 8
303 852 1008 8
115 852 1018 8
148 852 1022 8
98 852 1049 8
304 852 1061 8
437 852 1067 8
22 852 1067 8
227 852 1075 8
155 852 1079 8
201 852 1084 8
325 852 1092 8
188 852 1100 8
146 852 1105 8
361 852 1157 8
388 852 1220 8
96 852 1237 8
360 852 1265 8
76 852 1290 8
485 852 1297 8
48 852 1339 8
13 852 1342 8
4 852 1345 8
208 852 1390 8
57 852 1426 8
145 852 1432 8
407 852 1448 8
353 853 855 8
296 853 858 8
99 853 859 8
46 853 923 8
120 853 950 8
219 853 1039 8
202 853 1048 8
119 853 1106 8
88 853 1218 8
264 853 1236 8
354 853 1241 8
427 853 1260 8
263 853 1280 8
405 853 1305 8
403 853 1340 8
328 853 1357 8
233 854 968 8
350 854 994 8
492 854 1206 8
490 854 1214 8
67 854 1334 8
359 854 1354 8
334 854 1395 8