845
240 T 100 1
208 M 8 2
313 W 952 3
83 T 96 4
305 M 4 5
333 M 10 6
371 T 96 7
431 T 94 8
73 W 1165 9
8 M 12 10
397 M 8 11
441 W 1103 12
76 M 12 13
115 W 1401 14
123 T 100 15
283 T 94 16
321 M 8 17
275 T 94 18
90 W 1219 19
491 T 94 20
362 T 94 21
394 T 99 22
435 M 7 23
189 T 95 24
271 M 7 25
470 M 4 26
97 T 94 27
76 W 1252 28
493 T 100 29
189 M 11 30
337 W 1094 31
316 M 13 32
110 M 13 33
76 W 1416 34
283 T 95 35
70 M 5 36
384 T 96 37
90 W 1007 38
164 W 1333 39
224 W 1174 40
438 W 887 41
253 M 5 42
111 T 99 43
396 T 98 44
262 M 6 45
340 W 1228 46
57 T 94 47
332 W 1252 48
140 W 867 49
41 W 1308 50
29 M 6 51
208 W 932 52
120 T 95 53
342 T 99 54
96 W 903 55
170 M 7 56
272 W 1316 57
39 M 5 58
291 W 1353 59
151 M 4 60
285 T 97 61
103 M 14 62
411 M 9 63
407 W 1237 64
353 T 95 65
439 M 9 66
38 W 876 67
276 T 95 68
270 W 1120 69
340 M 5 70
116 W 1110 71
61 T 96 72
314 T 97 73
57 M 7 74
380 W 1132 75
358 T 97 76
427 W 1324 77
49 W 930 78
266 W 980 79
204 M 6 80
53 T 96 81
224 T 94 82
222 T 97 83
6 T 96 84
318 M 7 85
109 M 9 86
48 M 5 87
318 T 100 88
30 M 14 89
152 T 98 90
414 T 100 91
22 M 3 92
394 T 98 93
210 T 98 94
286 W 1415 95
431 W 1357 96
452 W 1418 97
385 T 94 98
101 M 6 99
169 W 1325 100
180 W 1126 101
435 T 96 102
445 T 99 103
78 W 1035 104
61 T 95 105
379 T 97 106
321 W 1387 107
113 T 94 108
222 M 5 109
326 T 95 110
495 M 5 111
455 M 12 112
488 T 99 113
448 M 8 114
67 T 98 115
284 W 1308 116
394 W 892 117
199 T 97 118
449 W 938 119
476 W 1087 120
345 W 1293 121
102 M 7 122
295 T 95 123
485 W 971 124
366 M 8 125
199 W 1240 126
471 W 1016 127
489 T 96 128
362 W 1280 129
234 T 98 130
382 M 7 131
468 T 97 132
465 T 100 133
426 W 871 134
490 T 97 135
440 W 1309 136
151 T 96 137
67 T 99 138
389 W 1005 139
202 M 4 140
311 T 94 141
70 M 6 142
402 W 1036 143
282 M 6 144
17 T 98 145
493 M 5 146
74 M 10 147
80 T 95 148
184 W 1110 149
462 W 1009 150
245 W 915 151
324 T 100 152
373 W 1208 153
263 M 7 154
470 M 5 155
499 M 5 156
283 M 5 157
369 T 100 158
236 M 6 159
364 M 5 160
224 W 1193 161
6 W 1276 162
494 M 6 163
215 T 100 164
458 W 1265 165
310 T 97 166
228 M 6 167
10 W 1077 168
407 M 11 169
416 T 98 170
498 T 94 171
205 W 941 172
179 T 99 173
114 T 94 174
389 W 1195 175
228 W 1011 176
168 T 95 177
343 M 3 178
11 W 1411 179
452 M 13 180
190 W 1160 181
397 W 1337 182
43 M 3 183
31 M 11 184
50 T 98 185
484 W 937 186
303 M 5 187
165 M 12 188
409 M 4 189
361 M 12 190
463 T 95 191
248 W 1163 192
223 M 4 193
434 M 10 194
208 M 14 195
304 T 97 196
318 M 14 197
370 T 98 198
97 W 1080 199
184 T 99 200
419 T 100 201
332 T 96 202
218 T 96 203
126 M 12 204
261 W 1006 205
265 T 97 206
206 T 98 207
181 T 94 208
117 W 1134 209
347 M 6 210
491 W 1283 211
445 T 95 212
483 W 1069 213
234 W 1110 214
195 T 95 215
392 W 1225 216
443 T 96 217
50 W 855 218
77 T 100 219
251 W 858 220
311 M 7 221
402 T 94 222
283 M 10 223
433 T 94 224
101 W 928 225
416 T 100 226
162 M 14 227
224 W 1280 228
465 W 938 229
110 M 7 230
195 T 99 231
171 M 12 232
318 W 912 233
498 M 8 234
325 W 1188 235
304 T 98 236
282 M 6 237
292 M 8 238
291 M 5 239
37 M 7 240
15 M 11 241
203 M 8 242
310 M 12 243
130 T 95 244
428 W 1433 245
101 W 1229 246
181 W 1372 247
267 W 1012 248
338 T 100 249
59 T 94 250
109 W 1300 251
377 M 12 252
345 M 12 253
193 M 10 254
72 W 975 255
352 M 14 256
419 M 8 257
297 M 6 258
484 M 8 259
366 M 12 260
16 T 100 261
436 M 3 262
372 T 98 263
394 M 8 264
323 M 11 265
38 T 94 266
264 M 11 267
72 W 1391 268
265 W 1256 269
206 T 99 270
476 W 1413 271
189 M 7 272
72 M 3 273
288 M 3 274
292 M 6 275
357 M 5 276
3 M 11 277
183 M 11 278
489 W 1175 279
468 M 7 280
245 W 1236 281
420 M 6 282
387 T 98 283
159 W 932 284
388 T 95 285
198 T 99 286
166 W 1315 287
399 W 1336 288
57 M 13 289
345 W 1397 290
388 T 97 291
264 M 14 292
302 W 938 293
381 T 97 294
54 T 100 295
177 W 1222 296
156 T 98 297
208 T 96 298
155 T 100 299
310 T 99 300
194 W 963 301
172 M 11 302
143 T 96 303
440 W 1282 304
134 W 1211 305
322 W 1317 306
124 M 12 307
448 W 1101 308
440 M 7 309
484 M 9 310
391 W 987 311
220 M 9 312
2 T 100 313
18 T 98 314
26 W 1383 315
44 W 1095 316
375 M 6 317
500 T 98 318
297 M 5 319
405 T 94 320
423 W 991 321
405 M 3 322
68 M 6 323
48 W 1324 324
248 M 6 325
132 T 99 326
460 M 13 327
220 W 1382 328
63 W 1199 329
464 M 13 330
242 T 95 331
430 M 4 332
498 W 1387 333
361 W 1282 334
301 W 1286 335
302 T 98 336
399 W 976 337
98 T 94 338
367 W 939 339
220 M 13 340
354 W 1198 341
75 T 95 342
476 M 4 343
90 M 6 344
179 W 1382 345
435 T 94 346
51 T 100 347
165 M 12 348
127 W 854 349
28 M 13 350
198 M 3 351
267 M 10 352
353 W 1208 353
343 T 99 354
232 W 1153 355
223 W 1307 356
385 M 14 357
87 M 3 358
398 T 94 359
40 W 1083 360
457 W 1338 361
6 W 890 362
252 W 972 363
112 W 1136 364
496 T 96 365
250 W 876 366
99 M 6 367
256 M 14 368
157 W 877 369
198 T 94 370
248 W 1158 371
61 M 7 372
101 W 1121 373
112 W 1371 374
371 W 1149 375
346 M 3 376
193 M 12 377
265 M 9 378
137 W 1401 379
122 T 99 380
147 T 99 381
177 T 94 382
368 T 98 383
59 M 9 384
159 T 95 385
25 M 10 386
81 W 986 387
124 T 96 388
205 W 874 389
178 M 6 390
57 M 3 391
256 M 3 392
38 W 1433 393
366 W 1160 394
218 W 950 395
115 T 95 396
5 T 100 397
46 M 7 398
52 M 9 399
297 T 94 400
133 T 95 401
112 W 925 402
112 W 1372 403
159 M 10 404
77 T 98 405
97 W 1247 406
428 M 10 407
265 W 1258 408
376 M 8 409
358 T 99 410
293 M 13 411
303 T 95 412
39 W 1328 413
283 W 1009 414
419 T 96 415
92 T 99 416
184 M 7 417
133 M 3 418
359 M 5 419
433 M 6 420
377 W 1086 421
478 M 10 422
475 M 5 423
104 M 3 424
118 T 95 425
156 W 1449 426
207 T 95 427
160 M 7 428
108 M 9 429
318 W 902 430
476 W 1078 431
393 M 11 432
451 W 1167 433
466 M 6 434
435 T 95 435
497 M 12 436
284 W 1215 437
215 M 9 438
43 T 95 439
326 W 1206 440
40 T 94 441
424 M 4 442
391 W 1316 443
23 M 5 444
272 M 6 445
404 T 98 446
175 W 970 447
482 T 100 448
286 M 14 449
224 W 960 450
118 M 12 451
336 W 1288 452
388 T 96 453
350 T 94 454
258 W 1270 455
276 T 95 456
357 M 4 457
212 T 95 458
404 T 95 459
159 M 13 460
494 M 12 461
105 T 99 462
131 W 1232 463
489 W 1117 464
431 W 956 465
26 M 7 466
268 W 1025 467
408 M 7 468
35 W 1137 469
60 W 1408 470
288 M 5 471
269 W 1361 472
5 T 97 473
270 T 94 474
191 T 100 475
240 T 99 476
445 M 14 477
237 W 858 478
256 W 961 479
54 W 926 480
191 M 4 481
55 W 966 482
53 T 95 483
226 T 95 484
443 T 94 485
451 M 11 486
169 M 6 487
301 M 13 488
183 T 99 489
66 W 1285 490
213 T 96 491
275 W 1297 492
402 W 934 493
360 T 94 494
401 M 14 495
211 T 99 496
445 M 7 497
422 W 1066 498
308 W 1120 499
40 T 99 500
223 W 1195 501
391 W 877 502
325 T 98 503
338 W 1240 504
440 T 98 505
133 T 97 506
183 M 3 507
78 M 14 508
329 T 100 509
445 T 96 510
19 T 100 511
166 M 4 512
462 M 4 513
401 M 10 514
131 T 97 515
268 M 7 516
199 T 97 517
133 W 1205 518
105 M 13 519
51 T 94 520
498 W 1194 521
18 M 10 522
329 M 4 523
347 M 6 524
319 M 3 525
375 M 4 526
54 W 1170 527
409 T 99 528
126 M 5 529
161 W 1144 530
411 W 1393 531
457 M 8 532
272 T 97 533
134 T 99 534
72 M 10 535
197 M 7 536
237 M 6 537
165 W 906 538
499 T 94 539
231 W 895 540
455 W 1044 541
441 W 1094 542
162 T 94 543
168 M 7 544
16 M 11 545
494 M 4 546
213 M 6 547
156 T 95 548
200 W 1172 549
317 T 94 550
418 M 4 551
394 W 1200 552
383 T 97 553
385 M 7 554
118 W 1045 555
398 T 97 556
462 T 94 557
56 M 11 558
399 W 1066 559
65 T 99 560
166 W 1253 561
122 M 6 562
226 M 3 563
329 M 9 564
233 M 11 565
216 T 94 566
411 M 3 567
308 W 1080 568
251 W 1173 569
61 T 98 570
315 M 8 571
327 M 7 572
149 W 1228 573
430 T 100 574
275 M 11 575
463 T 96 576
86 M 3 577
471 M 8 578
423 W 1360 579
442 M 13 580
202 T 97 581
99 W 1010 582
427 M 12 583
94 W 964 584
166 T 94 585
75 M 5 586
498 T 95 587
260 W 994 588
117 M 10 589
450 W 892 590
92 W 1217 591
358 M 13 592
147 T 95 593
369 M 12 594
216 T 97 595
416 M 9 596
219 M 12 597
239 W 863 598
93 M 9 599
199 T 99 600
235 W 1377 601
442 T 95 602
132 M 10 603
306 W 1029 604
242 W 1030 605
329 W 1317 606
210 T 99 607
98 T 96 608
409 T 95 609
215 M 14 610
459 M 12 611
299 M 4 612
254 T 99 613
183 W 1376 614
125 W 1264 615
97 M 7 616
111 M 14 617
257 T 95 618
242 T 99 619
409 T 94 620
149 W 987 621
330 T 94 622
483 M 9 623
303 M 3 624
445 W 1010 625
308 T 100 626
127 T 96 627
177 T 99 628
47 T 95 629
439 M 13 630
470 T 94 631
300 W 958 632
198 W 923 633
367 W 983 634
23 T 94 635
457 W 1246 636
72 T 94 637
450 M 3 638
218 T 95 639
182 T 98 640
19 W 1385 641
14 T 96 642
225 W 1027 643
252 M 3 644
481 T 97 645
409 M 10 646
330 M 13 647
191 M 14 648
245 M 7 649
492 T 100 650
296 W 992 651
34 M 8 652
106 M 6 653
465 W 1121 654
167 W 1118 655
218 M 5 656
172 M 5 657
375 M 4 658
316 M 6 659
92 M 6 660
159 W 1380 661
380 T 95 662
101 T 100 663
113 M 4 664
328 W 1073 665
333 W 871 666
435 W 878 667
311 M 13 668
140 T 99 669
265 T 97 670
59 M 12 671
438 T 95 672
469 W 1108 673
486 M 10 674
289 W 1197 675
287 T 94 676
32 W 1436 677
196 T 95 678
109 M 14 679
146 W 1369 680
363 T 98 681
216 W 1224 682
11 W 865 683
249 T 99 684
292 M 10 685
50 M 12 686
357 T 97 687
13 M 12 688
337 T 95 689
45 W 881 690
21 M 14 691
199 M 8 692
273 T 100 693
74 T 100 694
175 W 1274 695
473 T 96 696
460 W 1294 697
400 M 8 698
420 T 94 699
494 T 95 700
96 W 1109 701
63 M 14 702
210 M 9 703
385 W 1320 704
417 W 1293 705
339 T 97 706
452 T 95 707
422 T 96 708
28 W 1419 709
458 T 94 710
150 M 8 711
469 W 1308 712
144 M 8 713
467 W 1399 714
346 M 14 715
366 W 1288 716
422 T 95 717
290 T 94 718
465 W 1081 719
253 T 100 720
323 T 98 721
242 M 13 722
281 T 98 723
353 M 12 724
206 M 13 725
344 W 1404 726
457 T 94 727
414 W 994 728
447 M 3 729
303 W 1418 730
209 T 94 731
412 T 100 732
216 W 1265 733
145 W 996 734
69 M 5 735
150 W 1082 736
40 T 97 737
29 T 97 738
123 T 94 739
18 W 855 740
140 T 98 741
222 T 98 742
79 M 10 743
83 T 95 744
52 T 99 745
210 T 96 746
259 T 96 747
347 T 99 748
139 W 1154 749
23 M 5 750
418 M 14 751
275 W 1267 752
466 M 9 753
324 T 94 754
403 M 8 755
408 T 97 756
103 M 8 757
131 W 1271 758
335 T 99 759
452 W 1117 760
398 T 98 761
225 W 1204 762
42 T 98 763
112 W 1125 764
322 W 1437 765
173 T 100 766
198 W 968 767
157 W 995 768
196 W 1034 769
365 M 8 770
67 M 7 771
276 M 4 772
170 M 9 773
268 W 1258 774
461 M 12 775
44 T 97 776
232 W 892 777
107 W 1374 778
349 W 1323 779
29 M 6 780
257 M 8 781
231 M 8 782
485 W 1113 783
83 W 1103 784
61 M 4 785
2 T 98 786
116 T 98 787
239 T 98 788
487 T 95 789
289 T 97 790
435 W 1390 791
361 M 9 792
224 W 1023 793
72 M 14 794
247 M 3 795
474 T 94 796
242 W 1131 797
343 T 94 798
226 T 97 799
490 T 96 800
382 M 14 801
38 W 1123 802
248 M 8 803
204 M 7 804
295 T 94 805
140 M 12 806
9 W 998 807
350 W 1388 808
299 W 1434 809
320 T 100 810
401 M 4 811
31 T 96 812
320 W 853 813
412 M 13 814
238 T 99 815
239 W 1404 816
130 W 1042 817
392 W 1214 818
390 W 951 819
244 W 1382 820
12 T 99 821
67 T 98 822
456 T 94 823
99 W 1278 824
429 T 97 825
342 T 100 826
116 M 6 827
431 M 11 828
328 W 1368 829
379 M 3 830
354 W 942 831
414 T 94 832
247 M 4 833
5 M 11 834
274 W 1157 835
204 W 1013 836
63 T 99 837
293 W 971 838
312 T 95 839
371 W 1356 840
290 W 1094 841
67 T 99 842
477 T 96 843
491 T 98 844